2
24	39
50	30
1	1	1	-1000000000000000000000000000000
1	0	1	0
1	-1	1	1000000000000000000000000000000
1	-2	1	2000000000000000000000000000000
2	-2	0	1	-1414213562373095048801688724210
2	-2	0	1	1414213562373095048801688724210
4	4	0	-14	0	1	-540181513475452907203086314098
4	4	0	-14	0	1	540181513475452907203086314098
4	80	0	-40	0	1	-1453085056010721771790933514961
4	80	0	-40	0	1	1453085056010721771790933514961
4	320	0	-80	0	1	-2054972593492031186960732038181
4	20	0	-20	0	1	-1027486296746015593480366019090
4	20	0	-20	0	1	1027486296746015593480366019090
4	320	0	-80	0	1	2054972593492031186960732038181
2	1	3	1	-2618033988749894848204586834366
2	-1	1	1	-1618033988749894848204586834366
2	-1	-1	1	-618033988749894848204586834366
2	-4	-2	1	-1236067977499789696409173668731
4	4	0	-6	0	1	-874032048897642141598602410112
4	4	0	-6	0	1	874032048897642141598602410112
2	1	-3	1	381966011250105151795413165634
2	4	-6	1	763932022500210303590826331269
4	320	0	-40	0	1	-3325015502219627428719739712905
4	20	0	-10	0	1	-1662507751109813714359869856453
4	20	0	-10	0	1	1662507751109813714359869856453
4	320	0	-40	0	1	3325015502219627428719739712905
4	80	0	-20	0	1	-2351141009169892516674823818556
4	80	0	-20	0	1	2351141009169892516674823818556
2	1	3	1	-381966011250105151795413165634
2	-1	1	1	618033988749894848204586834366
2	-1	-1	1	1618033988749894848204586834366
2	-4	-2	1	3236067977499789696409173668731
4	4	0	-6	0	1	-2288245611270737190400291134321
4	4	0	-6	0	1	2288245611270737190400291134321
2	1	-3	1	2618033988749894848204586834366
2	4	-6	1	5236067977499789696409173668731
4	320	0	-40	0	1	-5379988095711658615680471751086
4	20	0	-10	0	1	-2689994047855829307840235875543
4	20	0	-10	0	1	2689994047855829307840235875543
4	320	0	-40	0	1	5379988095711658615680471751086
4	80	0	-20	0	1	-3804226065180614288465757333518
4	80	0	-20	0	1	3804226065180614288465757333518
4	80	0	-40	0	1	-6155367074350506805140581152074
4	80	0	-40	0	1	6155367074350506805140581152074
4	320	0	-80	0	1	-8705003597931286044400211463991
4	20	0	-20	0	1	-4352501798965643022200105731996
4	20	0	-20	0	1	4352501798965643022200105731996
4	320	0	-80	0	1	8705003597931286044400211463991
4	4	0	-14	0	1	-3702459173643832239201979858531
4	4	0	-14	0	1	3702459173643832239201979858531
3
3
3
3
3
6
6
6
31
31
31
31
31
31
4
34
34
34
34
34
35
35
35
32
50
50
42
42
42
42
36
40
40
44
44
44
44
48
48
3
1
3
3
1
6
6
5
31
31
16
31
31
16
4
34
34
34
34
33
35
35
35
32
50
50
41
41
42
42
36
37
40
44
44
43
43
45
48
1
3
3
3
1
2
2
2
30
30
17
17
17
30
2
2
2
2
2
2
29
21
21
2
2
2
24
25
25
24
2
2
2
12
13
13
12
2
2
1
1
3
3
3
2
2
2
30
30
30
17
17
17
2
2
2
2
2
2
29
21
21
2
2
2
25
24
25
24
2
2
2
12
13
12
13
2
2
3
3
3
3
3
5
5
5
17
17
17
17
17
17
4
20
20
20
20
20
21
21
21
18
7
7
28
28
28
28
22
23
23
9
9
9
9
14
14
3
1
3
3
1
5
5
6
17
17
30
17
17
30
4
20
20
20
20
19
21
21
21
18
7
7
27
27
28
28
22
26
23
9
9
10
10
11
14
1
3
3
3
1
2
2
2
16
16
31
31
31
16
2
2
2
2
2
2
15
35
35
2
2
2
38
39
39
38
2
2
2
47
46
46
47
2
2
1
1
3
3
3
2
2
2
16
16
16
31
31
31
2
2
2
2
2
2
15
35
35
2
2
2
39
38
39
38
2
2
2
47
46
47
46
2
2
1
1
3
3
3
2
2
2
30
30
30
17
17
17
2
2
2
2
2
2
29
21
21
2
2
2
24
25
24
25
2
2
2
13
12
13
12
2
2
1
3
3
3
1
2
2
2
30
30
17
17
17
30
2
2
2
2
2
2
29
21
21
2
2
2
25
24
24
25
2
2
2
13
12
12
13
2
2
3
1
3
3
1
5
5
6
17
17
30
17
17
30
4
20
20
20
20
19
21
21
21
18
7
7
28
28
27
27
22
23
26
10
10
9
9
14
11
3
3
3
3
3
5
5
5
17
17
17
17
17
17
4
20
20
20
20
20
21
21
21
18
7
7
27
27
27
27
22
26
26
10
10
10
10
11
11
3
3
3
3
3
6
6
6
17
17
17
17
17
17
4
19
19
19
19
19
21
21
21
18
8
8
28
28
28
28
22
26
26
9
9
9
9
11
11
3
1
3
3
1
6
6
5
17
17
30
17
17
30
4
19
19
19
19
20
21
21
21
18
8
8
27
27
28
28
22
23
26
9
9
10
10
14
11
1
1
3
3
3
2
2
2
16
16
16
31
31
31
2
2
2
2
2
2
15
35
35
2
2
2
38
39
38
39
2
2
2
46
47
46
47
2
2
1
3
3
3
1
2
2
2
16
16
31
31
31
16
2
2
2
2
2
2
15
35
35
2
2
2
39
38
38
39
2
2
2
46
47
47
46
2
2
3
1
3
3
1
6
6
5
31
31
16
31
31
16
4
34
34
34
34
33
35
35
35
32
50
50
42
42
41
41
36
40
37
43
43
44
44
48
45
3
3
3
3
3
6
6
6
31
31
31
31
31
31
4
34
34
34
34
34
35
35
35
32
50
50
41
41
41
41
36
37
37
43
43
43
43
45
45
3
1
3
3
1
6
6
5
17
17
30
17
17
30
4
19
19
19
19
20
21
21
21
18
8
8
28
28
27
27
22
26
23
10
10
9
9
11
14
3
3
3
3
3
6
6
6
17
17
17
17
17
17
4
19
19
19
19
19
21
21
21
18
8
8
27
27
27
27
22
23
23
10
10
10
10
14
14
3
3
3
3
3
5
5
5
31
31
31
31
31
31
4
33
33
33
33
33
35
35
35
32
49
49
42
42
42
42
36
37
37
44
44
44
44
45
45
3
1
3
3
1
5
5
6
31
31
16
31
31
16
4
33
33
33
33
34
35
35
35
32
49
49
41
41
42
42
36
40
37
44
44
43
43
48
45
3
1
3
3
1
5
5
6
31
31
16
31
31
16
4
33
33
33
33
34
35
35
35
32
49
49
42
42
41
41
36
37
40
43
43
44
44
45
48
3
3
3
3
3
5
5
5
31
31
31
31
31
31
4
33
33
33
33
33
35
35
35
32
49
49
41
41
41
41
36
40
40
43
43
43
43
48
48