2
76	76
61	30
1	1	2	-500000000000000000000000000000
1	0	1	0
1	-1	2	500000000000000000000000000000
2	-1	0	20	-223606797749978969640917366873
2	-1	0	20	223606797749978969640917366873
2	-1	0	15	-258198889747161125678617693319
2	-1	0	60	-129099444873580562839308846659
2	-1	0	60	129099444873580562839308846659
2	-1	0	15	258198889747161125678617693319
4	1	0	-480	0	14400	-47253676438199203400804260107
4	1	0	-480	0	14400	47253676438199203400804260107
4	1	0	-480	0	14400	-176353121311779766240113106766
4	1	0	-480	0	14400	176353121311779766240113106766
4	1	0	-160	0	5120	-92937008615046122533015047366
4	1	0	-160	0	5120	92937008615046122533015047366
8	1	0	-960	0	218880	0	-11059200	0	132710400	39279801673470674931350380908
8	1	0	-960	0	218880	0	-11059200	0	132710400	-39279801673470674931350380908
8	1	0	-960	0	218880	0	-11059200	0	132710400	-146594215556621570134679713824
8	1	0	-960	0	218880	0	-11059200	0	132710400	146594215556621570134679713824
4	1	0	-160	0	5120	-150375238751886418413999389711
4	1	0	-160	0	5120	150375238751886418413999389711
8	1	0	-960	0	218880	0	-11059200	0	132710400	63556054179030550873658050734
8	1	0	-960	0	218880	0	-11059200	0	132710400	-63556054179030550873658050734
8	1	0	-960	0	218880	0	-11059200	0	132710400	-237194423324742285954340728688
8	1	0	-960	0	218880	0	-11059200	0	132710400	237194423324742285954340728688
2	1	20	80	-180901699437494742410229341718
4	1	0	-240	0	11520	-75882749775835777886923947677
4	1	0	-240	0	11520	75882749775835777886923947677
4	1	0	-480	0	46080	-53657206941575447601664666458
4	1	0	-480	0	46080	53657206941575447601664666458
4	1	0	-120	0	2880	107314413883150895203329332916
2	1	-20	80	69098300562505257589770658282
2	1	20	80	-69098300562505257589770658282
4	1	0	-720	0	57600	-39893922430308079853816385898
4	1	0	-180	0	3600	-79787844860616159707632771796
4	1	-120	4320	-57600	230400	14602189066098588867977136192
4	1	-120	4320	-57600	230400	54496111496406668721793522090
4	1	0	-720	0	57600	39893922430308079853816385898
4	1	0	-180	0	3600	79787844860616159707632771796
4	1	0	-180	0	3600	-208887289734196722546941618455
4	1	0	-720	0	57600	-104443644867098361273470809228
4	1	0	-720	0	57600	104443644867098361273470809228
4	1	0	-180	0	3600	208887289734196722546941618455
4	1	0	-60	0	720	-245561736594211505703917568809
4	1	0	-240	0	11520	-122780868297105752851958784404
4	1	0	-240	0	11520	122780868297105752851958784404
4	1	0	-60	0	720	245561736594211505703917568809
4	1	0	-120	0	2880	-173638369145711735080682677954
4	1	0	-480	0	46080	-86819184572855867540341338977
4	1	0	-480	0	46080	86819184572855867540341338977
4	1	0	-120	0	2880	173638369145711735080682677954
4	1	0	-80	0	1280	-212662702088009983045385124266
4	1	0	-80	0	1280	212662702088009983045385124266
2	1	-20	80	180901699437494742410229341718
4	1	-120	4320	-57600	230400	38229027285198190568379266245
4	1	-120	4320	-57600	230400	142672672152296551841850075473
4	1	0	-60	0	720	-151765499551671555773847895355
4	1	0	-60	0	720	151765499551671555773847895355
4	1	0	-80	0	1280	-131432778029783401506417271212
4	1	0	-80	0	1280	131432778029783401506417271212
4	1	0	-120	0	2880	-107314413883150895203329332916
36
38
37
37
38
36
38
32
39
32
38
36
38
37
37
38
36
30
15
31
15
30
16
31
19
19
31
16
30
15
31
15
30
55
42
56
56
42
55
42
54
43
54
42
55
42
56
56
42
55
50
21
51
21
50
22
51
25
25
51
22
50
21
51
21
50
11
8
13
13
8
11
8
5
8
8
38
38
34
34
38
38
39
2
35
2
39
38
38
34
34
38
38
31
2
61
2
31
31
31
61
61
31
31
31
2
61
2
31
42
42
41
41
42
42
43
2
40
2
43
42
42
41
41
42
42
51
2
48
2
51
51
51
48
48
51
51
51
2
48
2
51
8
8
7
7
8
8
9
2
7
7
37
34
36
36
34
37
38
33
39
33
38
37
34
36
36
34
37
30
14
31
14
30
19
61
16
16
61
19
30
14
31
14
30
56
41
55
55
41
56
42
26
43
26
42
56
41
55
55
41
56
50
20
51
20
50
25
48
22
22
48
25
50
20
51
20
50
13
7
11
11
7
13
8
4
8
8
37
34
36
36
34
37
34
32
35
32
34
37
34
36
36
34
37
29
15
61
15
29
19
61
16
16
61
19
29
15
61
15
29
56
41
55
55
41
56
41
54
40
54
41
56
41
55
55
41
56
49
21
48
21
49
25
48
22
22
48
25
49
21
48
21
49
13
7
11
11
7
13
7
5
7
7
38
38
34
34
38
38
35
2
39
2
35
38
38
34
34
38
38
61
2
31
2
61
31
31
61
61
31
31
61
2
31
2
61
42
42
41
41
42
42
40
2
43
2
40
42
42
41
41
42
42
48
2
51
2
48
51
51
48
48
51
51
48
2
51
2
48
8
8
7
7
8
8
6
2
8
8
36
38
37
37
38
36
34
33
35
33
34
36
38
37
37
38
36
29
14
61
14
29
16
31
19
19
31
16
29
14
61
14
29
55
42
56
56
42
55
41
26
40
26
41
55
42
56
56
42
55
49
20
48
20
49
22
51
25
25
51
22
49
20
48
20
49
11
8
13
13
8
11
7
4
7
7
38
39
38
34
35
34
2
2
2
2
2
34
35
34
38
39
38
60
60
2
59
59
2
2
2
2
2
2
59
59
2
60
60
42
43
42
41
40
41
2
2
2
2
2
41
40
41
42
43
42
53
53
2
52
52
2
2
2
2
2
2
52
52
2
53
53
8
9
8
7
6
7
2
2
2
2
32
2
33
32
2
33
2
2
2
2
2
33
2
32
33
2
32
60
59
2
60
59
2
2
2
2
2
2
59
60
2
59
60
54
2
26
54
2
26
2
2
2
2
2
26
2
54
26
2
54
53
52
2
53
52
2
2
2
2
2
2
52
53
2
52
53
5
2
4
5
2
4
2
2
2
2
39
35
39
35
39
35
2
2
2
2
2
35
39
35
39
35
39
2
2
2
2
2
2
2
2
2
2
2
2
2
2
2
2
43
40
43
40
43
40
2
2
2
2
2
40
43
40
43
40
43
2
2
2
2
2
2
2
2
2
2
2
2
2
2
2
2
9
6
9
6
9
6
2
2
2
2
32
2
33
32
2
33
2
2
2
2
2
33
2
32
33
2
32
59
60
2
59
60
2
2
2
2
2
2
60
59
2
60
59
54
2
26
54
2
26
2
2
2
2
2
26
2
54
26
2
54
52
53
2
52
53
2
2
2
2
2
2
53
52
2
53
52
5
2
4
5
2
4
2
2
2
2
38
39
38
34
35
34
2
2
2
2
2
34
35
34
38
39
38
59
59
2
60
60
2
2
2
2
2
2
60
60
2
59
59
42
43
42
41
40
41
2
2
2
2
2
41
40
41
42
43
42
52
52
2
53
53
2
2
2
2
2
2
53
53
2
52
52
8
9
8
7
6
7
2
2
2
2
36
38
37
37
38
36
34
33
35
33
34
36
38
37
37
38
36
30
15
31
15
30
17
61
18
18
61
17
30
15
31
15
30
55
42
56
56
42
55
41
26
40
26
41
55
42
56
56
42
55
50
21
51
21
50
23
48
24
24
48
23
50
21
51
21
50
11
8
13
13
8
11
7
4
7
7
38
38
34
34
38
38
35
2
39
2
35
38
38
34
34
38
38
31
2
61
2
31
61
61
31
31
61
61
31
2
61
2
31
42
42
41
41
42
42
40
2
43
2
40
42
42
41
41
42
42
51
2
48
2
51
48
48
51
51
48
48
51
2
48
2
51
8
8
7
7
8
8
6
2
8
8
37
34
36
36
34
37
34
32
35
32
34
37
34
36
36
34
37
30
14
31
14
30
18
31
17
17
31
18
30
14
31
14
30
56
41
55
55
41
56
41
54
40
54
41
56
41
55
55
41
56
50
20
51
20
50
24
51
23
23
51
24
50
20
51
20
50
13
7
11
11
7
13
7
5
7
7
37
34
36
36
34
37
38
33
39
33
38
37
34
36
36
34
37
29
15
61
15
29
18
31
17
17
31
18
29
15
61
15
29
56
41
55
55
41
56
42
26
43
26
42
56
41
55
55
41
56
49
21
48
21
49
24
51
23
23
51
24
49
21
48
21
49
13
7
11
11
7
13
8
4
8
8
38
38
34
34
38
38
39
2
35
2
39
38
38
34
34
38
38
61
2
31
2
61
61
61
31
31
61
61
61
2
31
2
61
42
42
41
41
42
42
43
2
40
2
43
42
42
41
41
42
42
48
2
51
2
48
48
48
51
51
48
48
48
2
51
2
48
8
8
7
7
8
8
9
2
7
7
36
38
37
37
38
36
38
32
39
32
38
36
38
37
37
38
36
29
14
61
14
29
17
61
18
18
61
17
29
14
61
14
29
55
42
56
56
42
55
42
54
43
54
42
55
42
56
56
42
55
49
20
48
20
49
23
48
24
24
48
23
49
20
48
20
49
11
8
13
13
8
11
8
5
8
8
30
31
30
29
61
29
60
60
2
59
59
30
31
30
29
61
29
21
21
2
20
20
46
47
46
45
44
45
21
21
2
20
20
50
51
50
49
48
49
53
53
2
52
52
50
51
50
49
48
49
15
15
2
14
14
28
58
28
27
57
27
15
15
2
14
14
2
2
2
2
2
2
2
2
2
2
15
2
14
15
2
14
60
59
2
60
59
15
2
14
15
2
14
21
20
2
21
20
53
2
52
53
2
52
21
20
2
21
20
21
2
20
21
2
20
53
52
2
53
52
21
2
20
21
2
20
15
14
2
15
14
60
2
59
60
2
59
15
14
2
15
14
2
2
2
2
2
2
2
2
2
2
31
61
31
61
31
61
2
2
2
2
2
31
61
31
61
31
61
2
2
2
2
2
47
44
47
44
47
44
2
2
2
2
2
51
48
51
48
51
48
2
2
2
2
2
51
48
51
48
51
48
2
2
2
2
2
58
57
58
57
58
57
2
2
2
2
2
2
2
2
2
2
2
2
2
2
2
15
2
14
15
2
14
59
60
2
59
60
15
2
14
15
2
14
20
21
2
20
21
53
2
52
53
2
52
20
21
2
20
21
21
2
20
21
2
20
52
53
2
52
53
21
2
20
21
2
20
14
15
2
14
15
60
2
59
60
2
59
14
15
2
14
15
2
2
2
2
2
2
2
2
2
2
30
31
30
29
61
29
59
59
2
60
60
30
31
30
29
61
29
20
20
2
21
21
46
47
46
45
44
45
20
20
2
21
21
50
51
50
49
48
49
52
52
2
53
53
50
51
50
49
48
49
14
14
2
15
15
28
58
28
27
57
27
14
14
2
15
15
2
2
2
2
2
2
2
2
2
2
16
31
19
19
31
16
2
2
2
2
2
17
61
18
18
61
17
46
53
47
53
46
2
2
2
2
2
2
45
52
44
52
45
22
51
25
25
51
22
2
2
2
2
2
23
48
24
24
48
23
28
60
58
60
28
2
2
2
2
2
2
27
59
57
59
27
2
2
2
2
2
2
2
2
2
2
31
31
61
61
31
31
2
2
2
2
2
61
61
31
31
61
61
47
2
44
2
47
2
2
2
2
2
2
44
2
47
2
44
51
51
48
48
51
51
2
2
2
2
2
48
48
51
51
48
48
58
2
57
2
58
2
2
2
2
2
2
57
2
58
2
57
2
2
2
2
2
2
2
2
2
2
19
61
16
16
61
19
2
2
2
2
2
18
31
17
17
31
18
46
52
47
52
46
2
2
2
2
2
2
45
53
44
53
45
25
48
22
22
48
25
2
2
2
2
2
24
51
23
23
51
24
28
59
58
59
28
2
2
2
2
2
2
27
60
57
60
27
2
2
2
2
2
2
2
2
2
2
19
61
16
16
61
19
2
2
2
2
2
18
31
17
17
31
18
45
53
44
53
45
2
2
2
2
2
2
46
52
47
52
46
25
48
22
22
48
25
2
2
2
2
2
24
51
23
23
51
24
27
60
57
60
27
2
2
2
2
2
2
28
59
58
59
28
2
2
2
2
2
2
2
2
2
2
31
31
61
61
31
31
2
2
2
2
2
61
61
31
31
61
61
44
2
47
2
44
2
2
2
2
2
2
47
2
44
2
47
51
51
48
48
51
51
2
2
2
2
2
48
48
51
51
48
48
57
2
58
2
57
2
2
2
2
2
2
58
2
57
2
58
2
2
2
2
2
2
2
2
2
2
16
31
19
19
31
16
2
2
2
2
2
17
61
18
18
61
17
45
52
44
52
45
2
2
2
2
2
2
46
53
47
53
46
22
51
25
25
51
22
2
2
2
2
2
23
48
24
24
48
23
27
59
57
59
27
2
2
2
2
2
2
28
60
58
60
28
2
2
2
2
2
2
2
2
2
2
30
31
30
29
61
29
59
59
2
60
60
30
31
30
29
61
29
21
21
2
20
20
45
44
45
46
47
46
21
21
2
20
20
50
51
50
49
48
49
52
52
2
53
53
50
51
50
49
48
49
15
15
2
14
14
27
57
27
28
58
28
15
15
2
14
14
2
2
2
2
2
2
2
2
2
2
15
2
14
15
2
14
59
60
2
59
60
15
2
14
15
2
14
21
20
2
21
20
52
2
53
52
2
53
21
20
2
21
20
21
2
20
21
2
20
52
53
2
52
53
21
2
20
21
2
20
15
14
2
15
14
59
2
60
59
2
60
15
14
2
15
14
2
2
2
2
2
2
2
2
2
2
31
61
31
61
31
61
2
2
2
2
2
31
61
31
61
31
61
2
2
2
2
2
44
47
44
47
44
47
2
2
2
2
2
51
48
51
48
51
48
2
2
2
2
2
51
48
51
48
51
48
2
2
2
2
2
57
58
57
58
57
58
2
2
2
2
2
2
2
2
2
2
2
2
2
2
2
15
2
14
15
2
14
60
59
2
60
59
15
2
14
15
2
14
20
21
2
20
21
52
2
53
52
2
53
20
21
2
20
21
21
2
20
21
2
20
53
52
2
53
52
21
2
20
21
2
20
14
15
2
14
15
59
2
60
59
2
60
14
15
2
14
15
2
2
2
2
2
2
2
2
2
2
30
31
30
29
61
29
60
60
2
59
59
30
31
30
29
61
29
20
20
2
21
21
45
44
45
46
47
46
20
20
2
21
21
50
51
50
49
48
49
53
53
2
52
52
50
51
50
49
48
49
14
14
2
15
15
27
57
27
28
58
28
14
14
2
15
15
2
2
2
2
2
2
2
2
2
2
55
42
56
56
42
55
42
54
43
54
42
55
42
56
56
42
55
50
21
51
21
50
22
51
25
25
51
22
50
21
51
21
50
36
38
37
37
38
36
38
32
39
32
38
36
38
37
37
38
36
29
14
61
14
29
17
61
18
18
61
17
29
14
61
14
29
10
7
12
12
7
10
7
4
7
7
42
42
41
41
42
42
43
2
40
2
43
42
42
41
41
42
42
51
2
48
2
51
51
51
48
48
51
51
51
2
48
2
51
38
38
34
34
38
38
39
2
35
2
39
38
38
34
34
38
38
61
2
31
2
61
61
61
31
31
61
61
61
2
31
2
61
7
7
8
8
7
7
6
2
8
8
56
41
55
55
41
56
42
26
43
26
42
56
41
55
55
41
56
50
20
51
20
50
25
48
22
22
48
25
50
20
51
20
50
37
34
36
36
34
37
38
33
39
33
38
37
34
36
36
34
37
29
15
61
15
29
18
31
17
17
31
18
29
15
61
15
29
12
8
10
10
8
12
7
5
7
7
56
41
55
55
41
56
41
54
40
54
41
56
41
55
55
41
56
49
21
48
21
49
25
48
22
22
48
25
49
21
48
21
49
37
34
36
36
34
37
34
32
35
32
34
37
34
36
36
34
37
30
14
31
14
30
18
31
17
17
31
18
30
14
31
14
30
12
8
10
10
8
12
8
4
8
8
42
42
41
41
42
42
40
2
43
2
40
42
42
41
41
42
42
48
2
51
2
48
51
51
48
48
51
51
48
2
51
2
48
38
38
34
34
38
38
35
2
39
2
35
38
38
34
34
38
38
31
2
61
2
31
61
61
31
31
61
61
31
2
61
2
31
7
7
8
8
7
7
9
2
7
7
55
42
56
56
42
55
41
26
40
26
41
55
42
56
56
42
55
49
20
48
20
49
22
51
25
25
51
22
49
20
48
20
49
36
38
37
37
38
36
34
33
35
33
34
36
38
37
37
38
36
30
15
31
15
30
17
61
18
18
61
17
30
15
31
15
30
10
7
12
12
7
10
8
5
8
8
42
43
42
41
40
41
2
2
2
2
2
41
40
41
42
43
42
53
53
2
52
52
2
2
2
2
2
2
52
52
2
53
53
38
39
38
34
35
34
2
2
2
2
2
34
35
34
38
39
38
59
59
2
60
60
2
2
2
2
2
2
60
60
2
59
59
7
6
7
8
9
8
2
2
2
2
54
2
26
54
2
26
2
2
2
2
2
26
2
54
26
2
54
53
52
2
53
52
2
2
2
2
2
2
52
53
2
52
53
32
2
33
32
2
33
2
2
2
2
2
33
2
32
33
2
32
59
60
2
59
60
2
2
2
2
2
2
60
59
2
60
59
4
2
5
4
2
5
2
2
2
2
43
40
43
40
43
40
2
2
2
2
2
40
43
40
43
40
43
2
2
2
2
2
2
2
2
2
2
2
2
2
2
2
2
39
35
39
35
39
35
2
2
2
2
2
35
39
35
39
35
39
2
2
2
2
2
2
2
2
2
2
2
2
2
2
2
2
6
9
6
9
6
9
2
2
2
2
54
2
26
54
2
26
2
2
2
2
2
26
2
54
26
2
54
52
53
2
52
53
2
2
2
2
2
2
53
52
2
53
52
32
2
33
32
2
33
2
2
2
2
2
33
2
32
33
2
32
60
59
2
60
59
2
2
2
2
2
2
59
60
2
59
60
4
2
5
4
2
5
2
2
2
2
42
43
42
41
40
41
2
2
2
2
2
41
40
41
42
43
42
52
52
2
53
53
2
2
2
2
2
2
53
53
2
52
52
38
39
38
34
35
34
2
2
2
2
2
34
35
34
38
39
38
60
60
2
59
59
2
2
2
2
2
2
59
59
2
60
60
7
6
7
8
9
8
2
2
2
2
55
42
56
56
42
55
41
26
40
26
41
55
42
56
56
42
55
50
21
51
21
50
23
48
24
24
48
23
50
21
51
21
50
36
38
37
37
38
36
34
33
35
33
34
36
38
37
37
38
36
29
14
61
14
29
16
31
19
19
31
16
29
14
61
14
29
10
7
12
12
7
10
8
5
8
8
42
42
41
41
42
42
40
2
43
2
40
42
42
41
41
42
42
51
2
48
2
51
48
48
51
51
48
48
51
2
48
2
51
38
38
34
34
38
38
35
2
39
2
35
38
38
34
34
38
38
61
2
31
2
61
31
31
61
61
31
31
61
2
31
2
61
7
7
8
8
7
7
9
2
7
7
56
41
55
55
41
56
41
54
40
54
41
56
41
55
55
41
56
50
20
51
20
50
24
51
23
23
51
24
50
20
51
20
50
37
34
36
36
34
37
34
32
35
32
34
37
34
36
36
34
37
29
15
61
15
29
19
61
16
16
61
19
29
15
61
15
29
12
8
10
10
8
12
8
4
8
8
56
41
55
55
41
56
42
26
43
26
42
56
41
55
55
41
56
49
21
48
21
49
24
51
23
23
51
24
49
21
48
21
49
37
34
36
36
34
37
38
33
39
33
38
37
34
36
36
34
37
30
14
31
14
30
19
61
16
16
61
19
30
14
31
14
30
12
8
10
10
8
12
7
5
7
7
42
42
41
41
42
42
43
2
40
2
43
42
42
41
41
42
42
48
2
51
2
48
48
48
51
51
48
48
48
2
51
2
48
38
38
34
34
38
38
39
2
35
2
39
38
38
34
34
38
38
31
2
61
2
31
31
31
61
61
31
31
31
2
61
2
31
7
7
8
8
7
7
6
2
8
8
55
42
56
56
42
55
42
54
43
54
42
55
42
56
56
42
55
49
20
48
20
49
23
48
24
24
48
23
49
20
48
20
49
36
38
37
37
38
36
38
32
39
32
38
36
38
37
37
38
36
30
15
31
15
30
16
31
19
19
31
16
30
15
31
15
30
10
7
12
12
7
10
7
4
7
7
50
51
50
49
48
49
53
53
2
52
52
50
51
50
49
48
49
15
15
2
14
14
28
58
28
27
57
27
15
15
2
14
14
29
61
29
30
31
30
59
59
2
60
60
29
61
29
30
31
30
20
20
2
21
21
45
44
45
46
47
46
20
20
2
21
21
2
2
2
2
2
2
2
2
2
2
21
2
20
21
2
20
53
52
2
53
52
21
2
20
21
2
20
15
14
2
15
14
60
2
59
60
2
59
15
14
2
15
14
14
2
15
14
2
15
59
60
2
59
60
14
2
15
14
2
15
20
21
2
20
21
52
2
53
52
2
53
20
21
2
20
21
2
2
2
2
2
2
2
2
2
2
51
48
51
48
51
48
2
2
2
2
2
51
48
51
48
51
48
2
2
2
2
2
58
57
58
57
58
57
2
2
2
2
2
61
31
61
31
61
31
2
2
2
2
2
61
31
61
31
61
31
2
2
2
2
2
44
47
44
47
44
47
2
2
2
2
2
2
2
2
2
2
2
2
2
2
2
21
2
20
21
2
20
52
53
2
52
53
21
2
20
21
2
20
14
15
2
14
15
60
2
59
60
2
59
14
15
2
14
15
14
2
15
14
2
15
60
59
2
60
59
14
2
15
14
2
15
21
20
2
21
20
52
2
53
52
2
53
21
20
2
21
20
2
2
2
2
2
2
2
2
2
2
50
51
50
49
48
49
52
52
2
53
53
50
51
50
49
48
49
14
14
2
15
15
28
58
28
27
57
27
14
14
2
15
15
29
61
29
30
31
30
60
60
2
59
59
29
61
29
30
31
30
21
21
2
20
20
45
44
45
46
47
46
21
21
2
20
20
2
2
2
2
2
2
2
2
2
2
22
51
25
25
51
22
2
2
2
2
2
23
48
24
24
48
23
28
60
58
60
28
2
2
2
2
2
2
27
59
57
59
27
17
61
18
18
61
17
2
2
2
2
2
16
31
19
19
31
16
45
52
44
52
45
2
2
2
2
2
2
46
53
47
53
46
2
2
2
2
2
2
2
2
2
2
51
51
48
48
51
51
2
2
2
2
2
48
48
51
51
48
48
58
2
57
2
58
2
2
2
2
2
2
57
2
58
2
57
61
61
31
31
61
61
2
2
2
2
2
31
31
61
61
31
31
44
2
47
2
44
2
2
2
2
2
2
47
2
44
2
47
2
2
2
2
2
2
2
2
2
2
25
48
22
22
48
25
2
2
2
2
2
24
51
23
23
51
24
28
59
58
59
28
2
2
2
2
2
2
27
60
57
60
27
18
31
17
17
31
18
2
2
2
2
2
19
61
16
16
61
19
45
53
44
53
45
2
2
2
2
2
2
46
52
47
52
46
2
2
2
2
2
2
2
2
2
2
25
48
22
22
48
25
2
2
2
2
2
24
51
23
23
51
24
27
60
57
60
27
2
2
2
2
2
2
28
59
58
59
28
18
31
17
17
31
18
2
2
2
2
2
19
61
16
16
61
19
46
52
47
52
46
2
2
2
2
2
2
45
53
44
53
45
2
2
2
2
2
2
2
2
2
2
51
51
48
48
51
51
2
2
2
2
2
48
48
51
51
48
48
57
2
58
2
57
2
2
2
2
2
2
58
2
57
2
58
61
61
31
31
61
61
2
2
2
2
2
31
31
61
61
31
31
47
2
44
2
47
2
2
2
2
2
2
44
2
47
2
44
2
2
2
2
2
2
2
2
2
2
22
51
25
25
51
22
2
2
2
2
2
23
48
24
24
48
23
27
59
57
59
27
2
2
2
2
2
2
28
60
58
60
28
17
61
18
18
61
17
2
2
2
2
2
16
31
19
19
31
16
46
53
47
53
46
2
2
2
2
2
2
45
52
44
52
45
2
2
2
2
2
2
2
2
2
2
50
51
50
49
48
49
52
52
2
53
53
50
51
50
49
48
49
15
15
2
14
14
27
57
27
28
58
28
15
15
2
14
14
29
61
29
30
31
30
60
60
2
59
59
29
61
29
30
31
30
20
20
2
21
21
46
47
46
45
44
45
20
20
2
21
21
2
2
2
2
2
2
2
2
2
2
21
2
20
21
2
20
52
53
2
52
53
21
2
20
21
2
20
15
14
2
15
14
59
2
60
59
2
60
15
14
2
15
14
14
2
15
14
2
15
60
59
2
60
59
14
2
15
14
2
15
20
21
2
20
21
53
2
52
53
2
52
20
21
2
20
21
2
2
2
2
2
2
2
2
2
2
51
48
51
48
51
48
2
2
2
2
2
51
48
51
48
51
48
2
2
2
2
2
57
58
57
58
57
58
2
2
2
2
2
61
31
61
31
61
31
2
2
2
2
2
61
31
61
31
61
31
2
2
2
2
2
47
44
47
44
47
44
2
2
2
2
2
2
2
2
2
2
2
2
2
2
2
21
2
20
21
2
20
53
52
2
53
52
21
2
20
21
2
20
14
15
2
14
15
59
2
60
59
2
60
14
15
2
14
15
14
2
15
14
2
15
59
60
2
59
60
14
2
15
14
2
15
21
20
2
21
20
53
2
52
53
2
52
21
20
2
21
20
2
2
2
2
2
2
2
2
2
2
50
51
50
49
48
49
53
53
2
52
52
50
51
50
49
48
49
14
14
2
15
15
27
57
27
28
58
28
14
14
2
15
15
29
61
29
30
31
30
59
59
2
60
60
29
61
29
30
31
30
21
21
2
20
20
46
47
46
45
44
45
21
21
2
20
20
2
2
2
2
2
2
2
2
2
2
11
8
13
13
8
11
8
5
9
5
8
11
8
13
13
8
11
2
2
2
2
2
2
2
2
2
2
2
2
2
2
2
2
10
7
12
12
7
10
7
4
6
4
7
10
7
12
12
7
10
2
2
2
2
2
2
2
2
2
2
2
2
2
2
2
2
11
8
13
13
8
11
8
5
8
8
8
8
7
7
8
8
9
2
6
2
9
8
8
7
7
8
8
2
2
2
2
2
2
2
2
2
2
2
2
2
2
2
2
7
7
8
8
7
7
6
2
9
2
6
7
7
8
8
7
7
2
2
2
2
2
2
2
2
2
2
2
2
2
2
2
2
8
8
7
7
8
8
9
2
7
7
13
7
11
11
7
13
8
4
9
4
8
13
7
11
11
7
13
2
2
2
2
2
2
2
2
2
2
2
2
2
2
2
2
12
8
10
10
8
12
7
5
6
5
7
12
8
10
10
8
12
2
2
2
2
2
2
2
2
2
2
2
2
2
2
2
2
13
7
11
11
7
13
8
4
8
8
13
7
11
11
7
13
7
5
6
5
7
13
7
11
11
7
13
2
2
2
2
2
2
2
2
2
2
2
2
2
2
2
2
12
8
10
10
8
12
8
4
9
4
8
12
8
10
10
8
12
2
2
2
2
2
2
2
2
2
2
2
2
2
2
2
2
13
7
11
11
7
13
7
5
7
7
8
8
7
7
8
8
6
2
9
2
6
8
8
7
7
8
8
2
2
2
2
2
2
2
2
2
2
2
2
2
2
2
2
7
7
8
8
7
7
9
2
6
2
9
7
7
8
8
7
7
2
2
2
2
2
2
2
2
2
2
2
2
2
2
2
2
8
8
7
7
8
8
6
2
8
8
11
8
13
13
8
11
7
4
6
4
7
11
8
13
13
8
11
2
2
2
2
2
2
2
2
2
2
2
2
2
2
2
2
10
7
12
12
7
10
8
5
9
5
8
10
7
12
12
7
10
2
2
2
2
2
2
2
2
2
2
2
2
2
2
2
2
11
8
13
13
8
11
7
4
7
7
8
9
8
7
6
7
2
2
2
2
2
7
6
7
8
9
8
2
2
2
2
2
2
2
2
2
2
2
2
2
2
2
2
7
6
7
8
9
8
2
2
2
2
2
8
9
8
7
6
7
2
2
2
2
2
2
2
2
2
2
2
2
2
2
2
2
8
9
8
7
6
7
2
2
2
2
5
2
4
5
2
4
2
2
2
2
2
4
2
5
4
2
5
2
2
2
2
2
2
2
2
2
2
2
2
2
2
2
2
4
2
5
4
2
5
2
2
2
2
2
5
2
4
5
2
4
2
2
2
2
2
2
2
2
2
2
2
2
2
2
2
2
5
2
4
5
2
4
2
2
2
2
8
7
8
7
8
7
2
2
2
2
2
7
8
7
8
7
8
2
2
2
2
2
2
2
2
2
2
2
2
2
2
2
2
7
8
7
8
7
8
2
2
2
2
2
8
7
8
7
8
7
2
2
2
2
2
2
2
2
2
2
2
2
2
2
2
2
8
7
8
7
8
7
2
2
3
1
8
7
8
7
8
7
2
2
2
2
2
7
8
7
8
7
8
2
2
2
2
2
2
2
2
2
2
2
2
2
2
2
2
7
8
7
8
7
8
2
2
2
2
2
8
7
8
7
8
7
2
2
2
2
2
2
2
2
2
2
2
2
2
2
2
2
8
7
8
7
8
7
2
2
1
3