2
10	10
12	30
1	0	1	0
4	1	0	-20	0	80	262865556059566803012834542424
4	1	0	-15	0	45	303530999103343111547695790710
4	1	0	-15	0	45	-491123473188423011407835137618
4	1	0	-60	0	720	245561736594211505703917568809
4	1	0	-15	0	45	491123473188423011407835137618
4	1	0	-20	0	80	425325404176019966090770248532
4	1	0	-15	0	45	-303530999103343111547695790710
4	1	0	-20	0	80	-425325404176019966090770248532
4	1	0	-20	0	80	-262865556059566803012834542424
4	1	0	-60	0	720	-151765499551671555773847895355
4	1	0	-60	0	720	151765499551671555773847895355
12
7
6
2
5
7
3
5
2
12
7
2
1
7
2
10
1
10
9
9
6
1
3
1
8
1
4
8
1
6
2
7
1
10
9
9
1
7
2
10
5
2
8
9
11
2
6
11
9
5
7
10
1
9
2
2
1
10
7
9
3
1
4
1
6
1
8
6
1
3
5
10
8
7
11
10
6
11
7
5
2
9
1
2
9
7
1
7
10
10
12
9
6
10
5
9
3
5
10
12